7598249893597085747
7598249893597102131
7598249893597118515
7598249893597134899
7598249893597151283
7598249893597167667
7598249893597184051
7598249893597200435
7598249893597216819
7598249893597233203
7598249893597249587
7598249893597265971
7598249893597282355
7598249893597298739
7598249893597315123
7598249893597331507
7598251467652202546
7598251467652218930
7598251467652235314
7598251467652251698
7598251467652268082
7598251467652284466
7598251467652300850
7598251467652317234
7598251467652333618
7598251467652350002
7598251467652366386
7598251467652382770
7598251467652399154
7598251467652415538
7598251467652431922
7598251467652448306
7598251467652464690
7598251467652481074
7598251467652497458
7598251467652513842
7598252508028338227
7598252508028354611
7598252508028370995
7598252508028387379
7598252508028403763
7598252508028420147
7598252508028436531
7598252508028452915
7598252508028469299
7598252508028485683
7598252508028502067
7598252508028518451
7598248691782254618
7598248691782271002
7598248691782287386
7598248691782303770
7598248691782320154
7598248691782336538
7598248691782352922
7598248691782369306
7598248691782385690
7598248691782402074
7598248691782418458
7598248691782434842
7598249916623749158
7598249916623765542
7598249916623781926
7598249916623798310
7598249916623814694
7598249916623831078
7598249916623847462
7598249916623863846
7598249916623880230
7598249916623896614
7598249916623912998
7598249916623929382
7598249916623945766
7598249916623962150
7598249916623978534
7598249916623994918
7598249916624011302
7598249916624027686
7598249916624044070
7598249916624060454
7598252668779233331
7598252668779249715
7598252668779266099
7598252668779282483
7598252668779298867
7598252668779315251
7598252668779331635
7598252668779348019
7598252668779364403
7598252668779380787
7598252668779397171
7598252668779413555
7598252668779429939
7598252653956841482
7598252653956857866
7598252653956874250
7598252793408782345
7598252793408798729
7598252793408815113
7598252793408831497
7598252793408847881
7598252793408864265
7598252793408880649
7598252793408897033
7598252793408913417
7598252793408929801
7598252793408946185
7598252793408962569
7598252793408978953
7598252793408995337
7598252793409011721
7598252793409028105
7598252793409044489
7598252793409060873
7598252793409077257
7598252793409093641
7598252808052736051
7598252808052752435
7598252808052768819
7598252808052785203
7598252808052801587
7598252808052817971
7598252808052834355
7598252808052850739
7598252808052867123
7598252808052883507
7598252808052899891
7598252808052916275
7598252808052932659
7598252808052949043
7598252808052965427
7598252808052981811
7598252808052998195
7598252808053014579
7598252808053030963
7598252808053047347
7598252808063680522
7598252808063696906
7598252808063713290
7598252808063729674
7598252929640022062
7598252929640038446
7598252929640054830
7598252929640071214
7598252929640087598
7598252929648164891
7598252929648181275
7598252929648197659
7598252929648214043
7598252929648230427
7598252929648246811
7598252929648263195
7598252929648279579
7598252929648295963
7598252929648312347
7598252929648328731
7598252929648345115
7598252929648361499
7598252929648377883
7598252929648394267
7598252929648410651
7598252929648427035
7598252929648443419
7598252929648459803
7598252929648476187
7598252977366761523
7598252977366777907
7598252977366794291
7598252977366810675
7598252977366827059
7598252977366843443
7598252977366859827
7598252977366876211
7598252977366892595
7598252078758100998
7598252078758117382
7598252078758133766
7598252078758150150
7598252078758166534
7598252078758182918
7598252078758199302
7598252078758215686
7598252078758232070
7598252078758248454
7598252078758264838
7598252078758281222
7598252078758297606
7598252078758313990
7598252078758330374
7598252078758346758
7598252078758363142
7598252078758379526
7598252078758395910
7598252078758412294
7598252078766489663
7598252078766506047
7598252078766522431
7598252078766538815
7598252078766555199
7598252078766571583
7598252078766587967
7598252078766604351
7598252078766620735
7598252078766637119
7598252078766653503
7598252078766669887
7598252078766686271
7598252078766702655
7598252078766719039
7598252078766735423
7598252078766751807
7598252078766768191
7598252078766784575
7598252078766800959
7598253387586469931
7598253387586486315
7598253387586502699
7598252508028534835
7598252508028551219
7598252508028567603
7598252508028583987
7598252508028600371
7598252508028616755
7598252508028633139
7598252508028649523
7598252508036726834
7598252508036743218
7598252508036759602
7598252508036775986
7598252508036792370
7598252508036808754
7598252508036825138
7598252508036841522
7598252508036857906
7598252508036874290
7598252508036890674
7598252508036907058
7598252508036923442
7598252508036939826
7598252508036956210
7598252508036972594
7598252508036988978
7598252508037005362
7598252508037021746
7598252508037038130
7598253448429043721
7598253448429060105
7598253448429076489
7598253448429092873
7598253448429109257
7598253448429125641
7598253448429142025
7598253448429158409
7598253448429174793
7598253448429191177
7598253448429207561
7598253448429223945
7598252281292947498
7598252281292963882
7598252281296846891
7598252281296863275
7598252281296879659
7598252281296896043
7598252281296912427
7598252281296928811
7598252281296945195
7598252281296961579
7598252281296977963
7598252281296994347
7598252281297010731
7598252281297027115
7598252281297043499
7598252281297059883
7598252281297076267
7598252281297092651
7598252281297109035
7598252281297125419
7598252281297141803
7598252281297158187
7598253721721503786
7598253721721520170
7598253721721536554
7598253721721552938
7598253721721569322
7598253721721585706
7598253721721602090
7598253721721618474
7598253721721634858
7598253721721651242
7598253721721667626
7598253721721684010
7598253721721700394
7598253721721716778
7598253721721733162
7598253721721749546
7598253721721765930
7598253721721782314
7598253721721798698
7598253721721815082
7598253074787860530
7598253074787876914
7598253074787893298
7598253074787909682
7598253074787926066
7598253074787942450
7598253074787958834
7598253074787975218
7598253074787991602
7598253074788007986
7598253074788024370
7598253074788040754
7598253074788057138
7598253074788073522
7598253074788089906
7598253074788106290
7598253074788122674
7598253074788139058
7598253074788155442
7598253074788171826
7598253074792054811
7598253074792071195
7598253074792087579
7598253074792103963
7598253074792120347
7598253074792136731
7598253074792153115
7598253074792169499
7598253074792185883
7598253074792202267
7598253074792218651
7598253074792235035
7598253074792251419
7598253074792267803
7598253074792284187
7598253074792300571
7598253074792316955
7598253074792333339
7598253387586519083
7598253387586535467
7598253387586551851
7598253387586568235
7598253387586584619
7598253387586601003
7598253387586617387
7598253387586633771
7598253387586650155
7598253387586666539
7598253387586682923
7598253387586699307
7598253387586715691
7598253387586732075
7598253387586748459
7598253387586764843
7598253387586781227
7598253387594858537
7598253387594874921
7598253387594891305
7598253387594907689
7598253387594924073
7598253387594940457
7598253387594956841
7598253387594973225
7598253387594989609
7598253387595005993
7598253387595022377
7598253387595038761
7598253387595055145
7598253387595071529
7598253387595087913
7598253387595104297
7598253387595120681
7598253074792349723
7598253074792366107
7598253759700926474
7598253759700942858
7598253759700959242
7598253759700975626
7598253759700992010
7598253759701008394
7598253759701024778
7598253759701041162
7598253759701057546
7598253759701073930
7598253759701090314
7598253759701106698
7598253759701123082
7598253759701139466
7598253759701155850
7598253759701172234
7598253759701188618
7598253759701205002
7598253759701221386
7598253759701237770
7598253813358657545
7598253813358673929
7598253813358690313
7598253813358706697
7598253813358723081
7598253813358739465
7598253813358755849
7598253813358772233
7598253813358788617
7598253813358805001
7598253813358821385
7598253438660640803
7598253438660657187
7598253438660673571
7598253438660689955
7598253438660706339
7598253438660722723
7598253438660739107
7598253438660755491
7598253438660771875
7598253438660788259
7598253438660804643
7598253438660821027
7598253438664704000
7598253438664720384
7598253438664736768
7598253438664753152
7598253438664769536
7598253438664785920
7598253438664802304
7598253438664818688
7598253438664835072
7598253438664851456
7598253438664867840
7598253438664884224
7598253438664900608
7598253438664916992
7598253438664933376
7598253438664949760
7598253438664966144
7598253438664982528
7598253438664998912
7598253438665015296
7598253846841786402
7598253846841802786
7598251046300909603
7598251046300925987
7598251046300942371
7598251046300958755
7598251046300975139
7598251046300991523
7598251046301007907
7598251046301024291
7598251046301040675
7598251046301057059
7598251046301073443
7598251046301089827
7598251046301106211
7598251046301122595
7598251046300811316
7598251046300827700
7598251046300844084
7598251046300860468
7598251046300876852
7598251046300893236
7598251046300909620
7598251046300926004
7598251046300942388
7598251046300958772
7598251046300975156
7598251046300991540
7598251046301007924
7598251046301024308
7598251046301040692
7598251046301057076
7598251046301073460
7598251046301089844
7598251046301106228
7598251046301122612
7598253774418788379
7598253774418804763
7598253774418821147
7598253774418837531
7598253774418853915
7598253774418870299
7598253774418886683
7598253774418903067
7598253774418919451
7598253774418935835
7598253774418952219
7598253774418968603
7598253774418984987
7598253774419001371
7598253774419017755
7598253774419034139
7598253774419050523
7598253774422933542
7598253774422949926
7598253774422966310
7598253774422982694
7598253774422999078
7598253774423015462
7598253774423031846
7598253774423048230
7598253774423064614
7598253774423080998
7598253774423097382
7598253774423113766
7598253774423130150
7598253774423146534
7598253774423162918
7598253721725698111
7598253721725714495
7598253721725730879
7598253721725747263
7598253721725763647
7598253721725780031
7598253721725796415
7598253721725812799
7598253721725829183
7598253721725845567
7598253721725861951
7598253721725878335
7598253721725894719
7598253721725911103
7598253721725927487
7598253721725943871
7598253721725960255
7598253721725976639
7598253721725993023
7598253721726009407
7598253721725698102
7598253721725714486
7598253721725730870
7598253721725747254
7598253721725763638
7598253721725780022
7598253721725796406
7598253721725812790
7598253721725829174
7598253721725845558
7598253721725861942
7598253721725878326
7598253721725894710
7598253721725911094
7598253721725927478
7598253721725943862
7598253721725960246
7598253721725976630
7598253721725993014
7598253721726009398
7598253940743864361
7598253940743880745
7598253940743897129
7598253940743913513
7598253940743929897
7598253940743946281
7598253940743962665
7598253940743979049
7598253940743995433
7598253940744011817
7598253940744028201
7598253940744044585
7598253940744060969
7598253940744077353
7598253940744093737
7598253940744110121
7598253940744126505
7598253940744142889
7598253940744159273
7598253940744175657
7598254099041091620
7598254099041108004
7598254099041124388
7598254099041140772
7598254099041157156
7598254099041173540
7598254099041189924
7598254099041206308
7598254099041222692
7598254099041239076
7598254099041255460
7598254099041271844
7598254099041288228
7598254099041304612
7598254099041320996
7598254099041337380
7598254099041353764
7598254099041370148
7598254099041386532
7598254099041402916
7598254099057868863
7598254099057885247
7598254099057901631
7598254099057918015
7598254099057934399
7598254099057950783
7598254099057967167
7598254099057983551
7598254099057999935
7598254099058016319
7598254099058032703
7598254099058049087
7598254099058065471
7598254099058081855
7598254099058098239
7598254099058114623
7598254099058131007
7598254099058147391
7598254099058163775
7598254099058180159
7598254408673001515
7598254408673017899
7598254408673034283
7598254408673050667
7598254408673067051
7598254408673083435
7598254408673099819
7598254408673116203
7598254408673132587
7598254408673148971
7598254408673165355
7598254408673181739
7598254408673198123
7598254408673214507
7598254408673230891
7598254408673247275
7598254408673263659
7598254408673280043
7598254408673296427
7598254408673312811
